번호	시도	군구	일련번호	인구(2005)	인구변화율(70-05)	인구밀도(2005)	노령화율(2005)	소득세할주민세(01-05평균)	개별공시지가 평균지가(2005)	총사업체종사자수(2001)	총사업체종사자수(2005)	총사업체종사자수변화율(01-05)	총사업체종사자수증감폭(01-05)	재정력지수(01-05평균)	지방세징수액(2002)	지방세징수액(2005)	1인당지방세징수액(2005)	지방세징수액증가율(02-05)	지방세징수액증감폭(02-05)	의료병상수(2005)	사설학원강사수(2005)	도로율(2005)	상하수도보급률(2005)
1	서울특별시	종로구	69	156018	-1.628417147	6525.219573	10.39709691	81058919.4	1390291.689	227902	222443	-2.395327816	-5459	84.778	378582633	438953723	2813.481284	15.94660841	60371090	3333	1764	9.633316604	111.1592893
2	서울특별시	중구(서울)	214	128443	-1.736316027	12895.88353	9.841410178	145591496.2	4191184.961	359843	352436	-2.05839769	-7407	149.586	651144750	715762116	5572.605093	9.923656146	64617366	1624	709	20.99762048	104.3346076
3	서울특별시	용산구	215	217708	-0.884064374	9954.641061	10.23594446	45807574.2	2059204.546	123951	111652	-9.922469363	-12299	53.756	249303185	296729522	1362.970226	19.0235584	47426337	1528	537	10.82776863	110.2747717
4	서울특별시	성동구	154	327566	-0.286553189	19440.11869	7.783719914	18321143.8	1419425.148	110897	114087	2.876543099	3190	40.05	192182301	207414541	633.1992362	7.925932784	15232240	1931	855	12.95668843	104.3536264
5	서울특별시	광진구	170	366746	6.895521039	21497.42087	6.180452077	22183307	1364256.29	101076	96456	-4.570817998	-4620	44.09	191373652	181122368	493.8632405	-5.356685151	-10251284	2717	1255	14.23150059	103.385313
6	서울특별시	동대문구	56	373232	-0.438275233	26246.97609	8.547425503	18902896	1853617.78	120228	124505	3.557407592	4277	39.934	222751934	200194618	536.3811731	-10.12665327	-22557316	4082	1173	17.81000703	103.1371908
7	서울특별시	중랑구	216	413760	6.641032734	22365.40541	7.131529172	10743327	843574.3548	83861	78865	-5.957477254	-4996	33.754	190475177	148167060	358.0990429	-22.21187961	-42308117	1978	978	14.10960541	103.546017
8	서울특별시	성북구	188	442426	0.224499498	18014.08795	8.581182681	25933538.6	959357.3331	85483	85261	-0.259700759	-222	45.304	218407442	236306526	534.1153684	8.195272027	17899084	2445	1214	10.59325326	105.2579414
9	서울특별시	강북구	165	339147	0.448336744	14370.63559	8.806756062	10292469.8	531117.052	56422	62613	10.97267024	6191	32.616	143488045	128650005	379.3340498	-10.34095907	-14838040	1652	605	8.254885593	104.4097397
10	서울특별시	도봉구	217	368716	3.299097308	17726.73077	7.585095571	10386968.8	602164.8525	57587	59508	3.335822321	1921	33.386	170697409	147708893	400.6034265	-13.4674077	-22988516	1377	898	9.844096154	103.635047
11	서울특별시	노원구	161	604161	14.87121025	17057.05816	7.193346573	17858635.6	643360.2004	90489	98207	8.529213496	7718	36.186	245125381	234199852	387.6447702	-4.45711862	-10925529	3404	2093	7.747535291	103.066815
12	서울특별시	은평구	190	447611	3.363616401	15066.00471	8.317769567	15327247.6	632255.0548	70697	72411	2.424431023	1714	33.766	188557826	173343000	387.2626008	-8.069050393	-15214826	2577	1338	9.381437227	105.7739868
13	서울특별시	서대문구	218	343593	-0.734624867	19511.24361	9.171473318	21562801	1210894.375	86841	85779	-1.222924655	-1062	36.988	165061640	170506931	496.2468124	3.298943958	5445291	2735	1242	11.84598524	103.5917495
14	서울특별시	마포구	189	373057	-0.008186634	15622.15243	8.174438361	46163454.8	1706229.929	136667	153655	12.43021358	16988	46.676	287998446	293963088	787.9843777	2.071067425	5964642	930	1931	11.86626047	105.3873805
15	서울특별시	양천구	219	474247	79.05504603	27255.57471	5.95472035	27783612	1618102.308	96080	98933	2.9694005	2853	55.514	263224753	278147103	586.5026094	5.669052713	14922350	2041	2662	16.90743103	106.018172
16	서울특별시	강서구(서울)	167	538997	9.754779805	13019.25121	6.586002258	25208901.2	1000509.26	132416	137258	3.656657806	4842	54.348	317235138	308977460	573.2452314	-2.603014928	-8257678	2507	1278	9.126333333	103.4092954
17	서울특별시	구로구	171	406299	2.999161839	20203.82894	6.602950064	17057686.6	1147769.988	120216	143568	19.42503494	23352	43.55	212717108	231957630	570.9037679	9.045122031	19240522	1592	538	11.35998011	104.8043436
18	서울특별시	금천구	220	252446	14.24763531	19389.0937	6.765714286	15166910.8	1017804.202	104232	124704	19.64080129	20472	36.102	149493528	154944544	613.7730208	3.646322401	5451016	853	699	14.47966974	104.5514684
19	서울특별시	영등포구	221	398251	1.236291014	16208.83191	7.63502307	108015922.8	1881459.236	284448	261492	-8.07036787	-22956	92.606	542075907	581226007	1459.446447	7.222254207	39150100	4476	1145	16.64080993	105.7943357
20	서울특별시	동작구	181	409519	0.802467509	25047.03364	7.663304256	21901557	1407877.556	86905	91976	5.835107301	5071	41.992	196453594	202182532	493.7073298	2.916178769	5728938	2022	2177	13.62872171	101.2573287
21	서울특별시	관악구	169	530833	5.310058973	17951.74163	6.52314806	18106089.2	696856.5197	101933	95624	-6.189359677	-6309	36.976	224294709	196359472	369.9081858	-12.45470173	-27935237	1747	2924	8.530233345	101.206029
22	서울특별시	서초구	106	372795	41.29875514	7926.748884	6.279358231	105062954.6	1431790.71	305580	312911	2.39904444	7331	125.49	690979122	818758152	2196.269135	18.49245888	127779030	2565	1956	12.72300872	109.1417535
23	서울특별시	강남구	6	510221	69.35279798	12903.92008	5.715517174	227164454.6	2797214.456	523107	544891	4.164348785	21784	219.098	1322539363	1452228869	2846.274201	9.806097998	129689506	4817	3954	16.13032625	107.3603399
24	서울특별시	송파구	159	579040	24.14729694	17090.90909	5.76310876	55274095	2341296.748	194357	215523	10.89026894	21166	87.256	690960599	692538728	1196.011896	0.228396381	1578129	4431	3577	16.05773613	105.350753
25	서울특별시	강동구	164	445339	11.89238063	18117.94142	5.861458882	21054159.6	1327032.812	102576	98252	-4.215411012	-4324	48.81	276858200	257318271	577.8031365	-7.057738944	-19539929	3363	2487	14.24879577	104.788487
26	부산광역시	중구(부산)	204	52446	-1.600416944	18730.71429	12.27226575	8359461	1615842.045	65880	64003	-2.849119611	-1877	36.9126497	62620530	54828699	1045.431472	-12.44293365	-7791831	847	183	26.17986071	100.3279564
27	부산광역시	서구(부산)	185	133014	-1.264551817	9716.14317	12.2801995	5923169.4	293059.353	40717	42531	4.455141587	1814	18.39744865	49501750	40021869	300.8846362	-19.15059771	-9479881	3348	417	9.145667641	105.4731081
28	부산광역시	동구(부산)	176	103658	-1.645439631	10620.69672	13.15172534	7385981.4	602512.9052	72752	71509	-1.708544095	-1243	24.69357263	76610530	64998228	627.0449748	-15.15757951	-11612302	1790	321	14.80616393	106.8494472
29	부산광역시	영도구	226	158117	-0.420620838	11269.9216	10.99861621	4289390	287803.3872	39841	39086	-1.895032755	-755	18.24028742	42741804	46978499	297.1122586	9.91229804	4236695	796	324	8.467395581	103.7643011
30	부산광역시	부산진구	201	399162	0.01467703	13444.32469	9.095017626	18728187	496088.8092	143316	134623	-6.065617237	-8693	52.6670095	203832799	210216999	526.6458205	3.132076894	6384200	3926	2107	9.760208825	103.2235032
31	부산광역시	동래구	158	261982	4.838533902	15744.11058	8.28976934	11642116	496585.6317	75667	69893	-7.630803389	-5774	38.97084371	122130324	98402894	375.6093701	-19.4279596	-23727430	2663	1084	13.73346334	105.5898879
32	부산광역시	남구(부산)	203	294034	2.206520176	11300.30746	8.589892238	9371957	357062.4758	63018	65676	4.217842521	2658	31.92323634	124831072	110580169	376.0795316	-11.41615046	-14250903	1075	759	9.47696618	96.64579606
33	부산광역시	북구(부산)	202	329336	34.59549207	8598.851175	6.473236679	6013401.6	169794.8096	41754	46957	12.46108157	5203	25.18554827	116312547	97655842	296.523435	-16.04014827	-18656705	1851	915	5.938198433	101.9232638
34	부산광역시	해운대구	44	393718	14.77382389	7653.926905	7.696324676	13148757.8	235475.072	72326	78117	8.006802533	5791	49.19099248	194969689	216295452	549.3664298	10.93798893	21325763	2003	1350	6.504909409	70.84029686
35	부산광역시	사하구	116	360007	8.618701757	8804.279775	7.256062525	11158927.4	269515.9957	107025	102977	-3.782293857	-4048	42.56686274	140795714	134652289	374.0268634	-4.363360805	-6143425	2645	1198	8.577850575	104.0133942
36	부산광역시	금정구	174	259168	6.929281334	3974.969325	8.536524017	9874281.2	117008.3252	87851	76947	-12.41192474	-10904	33.20913458	104219334	110255493	425.4209355	5.791784277	6036159	3271	1311	5.044402301	100.8708637
37	부산광역시	강서구(부산)	166	46638	-0.838120636	259.2296148	14.59782181	4054197.4	68649.7922	35600	56708	59.29213483	21108	24.46112615	42647075	85419454	1831.541961	100.2938162	42772379	8	25	4.255658329	90.94515202
38	부산광역시	연제구	48	211799	3.682860817	17533.0298	8.424731717	7698718.8	591836.2869	66425	73313	10.36958976	6888	28.58593787	115556462	92977004	438.9869829	-19.5397623	-22579458	2134	859	13.62762417	102.8054901
39	부산광역시	수영구	200	172673	7.708258761	16912.14496	9.667864962	8019810.6	602523.6231	40286	42302	5.004219828	2016	32.43732095	82904070	84537382	489.5807799	1.970122818	1633312	1623	659	15.26129481	103.8074858
40	부산광역시	사상구	162	274799	17.11030456	7667.382813	6.408684481	8619473.2	334453.7828	127853	121254	-5.161396291	-6599	38.87780532	128892632	119433845	434.6225605	-7.338500932	-9458787	3870	570	9.309529855	101.613543
41	부산광역시	기장군	187	73031	1.414125463	335.1275698	12.38589583	2769436.8	25575.17671	26606	28507	7.145004886	1901	40.434	55167281	55445413	759.2038039	0.504161153	278132	432	194	1.952333471	46.59117361
42	대구광역시	중구(대구)	197	74765	-2.015873453	10560.02825	13.44713745	9234915.8	1293716.479	91505	76620	-16.26687066	-14885	27.808	92572519	81229196	1086.460189	-12.25344532	-11343323	2817	945	23.54094633	107.9288437
43	대구광역시	동구(대구)	178	334298	2.793452842	1833.880081	9.749815049	7219843.6	53265.75684	74746	79546	6.421748321	4800	15.634	115844434	127371783	381.0126983	9.950714594	11527349	2227	1014	4.09120994	102.2219696
44	대구광역시	서구(대구)	184	244276	-0.211669492	13942.69406	8.415465328	5642165.6	376297.0708	78672	75706	-3.770083384	-2966	15.96	88663298	73927370	302.6386956	-16.62009911	-14735928	1311	643	19.20361758	103.5226547
45	대구광역시	남구(대구)	198	180260	0.174755485	10336.00917	10.91979282	6384500.2	305893.7657	43942	44209	0.607619134	267	13.69	65492261	55237581	306.4328248	-15.65785002	-10254680	2676	468	12.37493693	100.1725286
46	대구광역시	북구(대구)	199	460206	6.37108225	4877.647059	6.654363542	10850834.6	155666.7287	114020	127174	11.53657253	13154	20.666	195511954	192043131	417.2981904	-1.774225529	-3468823	2612	1328	8.319769051	101.1545916
47	대구광역시	수성구	52	426110	5.735984947	5570.793568	8.052471444	20651155	187585.6789	95420	98988	3.739258017	3568	23.534	189729247	294559477	691.2756729	55.25254101	104830230	2173	2042	7.78206576	102.457112
48	대구광역시	달서구	156	593877	36.16211457	9538.660456	5.991111743	16952416.8	267100.7541	150367	159744	6.236075735	9377	26.862	255117956	311421863	524.387816	22.06975467	56303907	4205	2276	12.3014327	101.1744856
49	대구광역시	달성군	91	150755	0.760874391	353.0314029	9.140710282	3958771	20225.72915	49009	52716	7.563916832	3707	42.71	77278714	102953242	682.9175948	33.22328578	25674528	1021	458	2.741775285	81.96709894
50	인천광역시	중구(인천)	213	86167	-0.048117281	776.6991166	9.716366873	9566361	142309.4555	53514	58680	9.653548604	5166	36.10063477	137959489	122102982	1417.050402	-11.4935965	-15856507	1798	139	6.548462683	67.68484455
51	인천광역시	동구(인천)	175	74602	-1.660868526	10611.94879	11.2324157	3775786.2	465455.6182	32951	30831	-6.433795636	-2120	11.632495	31642555	47851965	641.4300555	51.22661555	16209410	833	91	14.90250925	105.3028069
52	인천광역시	남구(인천)	212	414395	4.060843624	16948.67076	8.25597845	14435705.8	589357.2665	100959	98946	-1.993878703	-2013	24.16473588	181685207	155733345	375.8089383	-14.28397085	-25951862	2472	903	17.88871084	87.23946959
53	인천광역시	연수구	51	263650	50.22105009	8630.114566	5.729083423	8370391.8	447401.7943	35859	41946	16.97481804	6087	22.64440017	112290522	186682730	708.0702826	66.24976594	74392208	1017	494	12.32898822	101.2854163
54	인천광역시	남동구	155	373720	25.46495546	6573.790677	6.440230931	15836294.4	316071.8793	162123	172838	6.60917945	10715	28.71279005	204168462	224535056	600.8109173	9.975386894	20366594	3207	668	12.33449481	103.7768918
55	인천광역시	부평구	157	548068	10.2174818	17137.83615	6.581661697	19917532.8	489784.8473	117518	125243	6.573461087	7725	25.29608082	232932809	255839334	466.8021742	9.833962463	22906525	4074	1819	12.82112977	103.9008846
56	인천광역시	계양구	168	326485	38.86644643	7162.900395	5.184782542	8887585.2	213945.5628	60173	64935	7.913848404	4762	21.79485806	130473700	122827561	376.2119577	-5.860291384	-7646139	1657	1018	9.893408951	101.7348423
57	인천광역시	서구(인천)	183	374131	57.84736701	3366.0009	5.529035247	11528133.2	166479.5318	113945	115976	1.782438896	2031	38.17599721	214452385	256032753	684.3398515	19.38909096	41580368	3155	856	7.790646514	89.58947534
58	인천광역시	강화군	23	57791	-1.318005255	140.521811	22.67741097	1558185.8	14490.47435	14094	15057	6.832694764	963	17.728	26104841	32970706	570.5162742	26.30111787	6865865	255	146	3.523408136	45.0078732
59	인천광역시	옹진군	4	12271	-0.555409664	74.66837045	22.15969334	446674	8123.900181	2847	3590	26.09764665	743	25.45	8591587	17948431	1462.670605	108.9070506	9356844	36	4	1.566879396	11.28677369
60	광주광역시	동구(광주)	179	120300	-0.095653581	2461.632904	11.03245035	8560460	115990.0733	72082	65433	-9.224216864	-6649	28.02525978	94643209	69863178	580.7412968	-26.18257692	-24780031	2742	1050	0.506806016	94.87697423
61	광주광역시	서구(광주)	182	313863	7.596333025	6716.520437	6.361310166	9044471.6	236862.7879	69284	92076	32.89648404	22792	34.12075469	140487437	138737536	442.0321478	-1.245592515	-1749901	3057	856	0.227917826	98.81954866
62	광주광역시	남구(광주)	195	214532	3.231851048	3512.311722	8.575804697	4066869.6	84184.07383	42657	41584	-2.515413648	-1073	18.8791913	60879038	89489711	417.1392193	46.99593479	28610673	2061	519	0.354284872	99.14931106
63	광주광역시	북구(광주)	194	460868	14.16897256	3783.498892	6.798986303	10680196.8	103235.0704	130197	131600	1.077597794	1403	29.19716119	149329883	152317728	330.501853	2.000835292	2987845	2804	1806	0.35835736	97.80859161
64	광주광역시	광산구	196	308153	3.625000657	1382.347928	6.002847923	6929816.8	49994.10124	79214	97582	23.18782033	18368	28.99584402	111237206	154002675	499.7604275	38.44529231	42765469	3306	703	0.494308721	94.53923862
65	대전광역시	동구(대전)	180	232673	0.987316109	1701.074719	9.622159079	4854804.2	52635.8592	56335	52184	-7.368421053	-4151	14.7791558	69099508	65816493	282.8712098	-4.75114092	-3283015	1492	668	4.18565068	99.14278838
66	대전광역시	중구(대전)	193	255962	0.382958335	4129.751533	9.195312347	9162114.6	125860.188	88059	74232	-15.70197254	-13827	23.7621558	113267683	108747903	424.8595612	-3.990352659	-4519780	3824	1064	10.84235237	103.9027277
67	대전광역시	서구(대전)	186	509420	48.21253133	5340.392075	5.688175173	15761725.2	179312.8075	108931	122837	12.76587932	13906	31.35833609	248933292	246659239	484.1962212	-0.913519032	-2274053	4425	2430	7.006402139	99.3854776
68	대전광역시	유성구	191	222649	11.68054168	1256.62603	5.330325579	13165200.4	95835.85799	61022	74830	22.62790469	13808	38.57964482	149231031	194812106	874.9740893	30.54396575	45581075	1845	691	4.763468224	91.03723798
69	대전광역시	대덕구	192	222152	6.937616564	3245.938048	6.493008051	7720800.6	105749.8167	81479	81228	-0.308054836	-251	26.66354972	90459259	100952142	454.4282383	11.59956771	10492883	2113	990	6.22805377	87.34830206
70	울산광역시	중구(울산)	206	226115	12.18915421	6114.521363	5.826137018	4856188.4	128594.9406	42174	40079	-4.967515531	-2095	24.8	72535210	67985961	300.6698406	-6.271780284	-4549249	949	1064	8.047082477	104.1370542
71	울산광역시	남구(울산)	205	338040	12.73305862	4691.090758	4.189009633	18431468.6	169710.0776	126360	135897	7.547483381	9537	53.866	192036141	228733357	676.6458319	19.10953626	36697216	2929	2575	9.92417874	103.0854337
72	울산광역시	동구(울산)	177	178353	18.1115017	4986.105675	3.60498291	10666651	93592.10867	67037	67038	0.001491714	1	42.396	70714852	71568359	401.2736483	1.20696993	853507	1166	628	6.244915851	103.6825845
73	울산광역시	북구(울산)	207	141304	11.59984039	898.3660754	4.504811619	11913652.2	32259.68239	61821	72060	16.56233319	10239	43.33	88028795	134093098	948.9688756	52.32867609	46064303	527	536	2.536153029	79.1920257
74	울산광역시	울주군	38	165365	1.606113851	219.0148866	9.652991849	7338974.4	11590.13272	54068	64768	19.78989421	10700	57.76	107895246	181137487	1095.379839	67.88273229	73242241	2382	907	2.279777588	76.64953285
75	경기도	수원시	227	1044113	13.48349758	8625.468815	5.409181579	54360197.4	396218	262081	286283	9.234549624	24202	138.74	739728545	747852880	716.2566504	1.098285994	8124335	6205	7048	9.964914911	99.28882219
76	경기도	성남시	234	934984	37.13960601	6595.541761	6.63036952	63106040	399748	187998	249483	32.70513516	61485	136.278	689274732	896681126	959.0336583	30.09052623	207406394	6237	2290	8.473936089	105.6860331
77	경기도	의정부시	224	398870	9.167807249	4888.112745	7.574416511	10214270.4	169146.3323	71937	81819	13.73701989	9882	78.736	196855067	213602550	535.5192168	8.507519392	16747483	2689	1441	4.869958578	99.62255873
78	경기도	안양시	235	612423	15.5256025	10465.19139	6.298718121	24963671.6	469426	164608	178502	8.44065902	13894	107.808	365745469	402084353	656.5467871	9.93556642	36338884	3700	2203	9.185948223	102.7037685
79	경기도	부천시	228	838801	13.14476867	15696.1265	5.931306067	28429238.8	597891	210058	226218	7.693113331	16160	115.172	572340950	479513698	571.6656251	-16.21887303	-92827252	6027	3122	15.23514259	98.35050268
80	경기도	광명시	163	320268	31.57046648	8316.489224	6.843594656	10837261.4	390670.6387	59669	61842	3.641757026	2173	68.1	165815834	157758042	492.5813444	-4.85948284	-8057792	1304	1495	7.734519865	101.9439969
81	경기도	평택시	144	378438	23.12386078	835.2749023	8.711811512	16607671.6	64053.47227	113694	144701	27.27232748	31007	57.786	214378486	315740829	834.3264392	47.28195674	101362343	2747	1391	5.121382325	79.22658401
82	경기도	동두천시	142	80277	0.652241863	839.1031671	10.84578628	1524390	36228.48828	19741	19566	-0.886479915	-175	34.802	34778999	48178779	600.1566949	38.52836593	13399780	841	230	2.144720393	98.95362308
83	경기도	안산시	65	681590	127.325356	4632.569836	5.080623851	26477328.6	154858	214381	232109	8.269389545	17728	117.274	460669458	455460544	668.232433	-1.130727013	-5208914	4200	3131	9.45728084	101.32477
84	경기도	고양시	230	866846	15.7546076	3242.849126	7.510278782	35309095.2	164487	149969	187191	24.81979609	37222	127.298	659715068	690239778	796.2657473	4.626953587	30524710	6549	4256	5.57357106	95.40598907
85	경기도	과천시	153	56711	15.03106961	1581.896792	8.023044162	8966616.8	266480.8103	28726	30360	5.688226694	1634	178.2	783717518	490208770	8643.980357	-37.45083417	-293508748	20	140	5.930543096	105.3243639
86	경기도	구리시	172	187414	16.21496754	5628.048048	6.337387807	6127469.6	285811.1113	39136	42745	9.221688471	3609	66.886	137007466	111880573	596.9701997	-18.33979836	-25126893	1270	874	7.614516817	103.1054244
87	경기도	남양주시	63	426087	9.819660206	929.52944	8.017038681	12337131.8	51077.49867	61165	77250	26.29771928	16085	65.026	243269718	362693489	851.2193261	49.09109608	119423771	2254	1332	1.656355243	91.30236313
88	경기도	오산시	152	132532	11.49702155	3099.438728	4.974505281	4167806.2	215945.7826	29288	34904	19.17508877	5616	56.762	74435611	107231305	809.0974633	44.05914529	32795694	1699	520	6.476334425	93.05677119
89	경기도	시흥시	223	389638	14.23456698	2899.092262	4.965079729	12938115.4	131364.0725	113507	147321	29.7902332	33814	92.242	255117582	289136065	742.0633126	13.33443298	34018483	1677	1297	9.896500074	93.37859757
90	경기도	군포시	173	270042	52.29286225	7426.89769	6.330205974	10596406	316301.95	66807	79450	18.92466358	12643	80.908	165818687	168079656	622.4204235	1.363518817	2260969	1199	629	8.337208471	102.6281097
91	경기도	의왕시	74	143987	17.04375829	2666.425926	6.892204391	5495576.4	150642.3353	28044	31924	13.83540151	3880	60.97	98547777	91555166	635.8571677	-7.095655745	-6992611	1667	462	5.831296296	99.91665914
92	경기도	하남시	222	122337	9.49738442	1314.462233	7.728984101	4938808.4	136870.0747	26312	35569	35.18166616	9257	51.998	115317295	153609918	1255.62927	33.20631394	38292623	508	455	3.867610186	92.15936307
93	경기도	용인시	148	689691	17.72275411	1166.101953	7.149242475	49139457.8	97230.85932	142598	184276	29.2276189	41678	183.306	751300857	887255161	1286.453152	18.09585371	135954304	4899	4747	2.781135193	68.08686789
94	경기도	파주시	43	242241	0.782820238	360.1721754	10.96933989	9383410	50603.65667	58736	74886	27.49591392	16150	58.18	165021398	248818117	1027.15113	50.779305	83796719	1307	574	2.725206982	64.65152472
95	경기도	이천시	147	188556	2.213127428	408.8112222	9.183314313	11160040.6	23580.7636	61837	70879	14.6223135	9042	65.166	109853307	177573523	941.7548262	61.64604221	67720216	1339	750	4.258027275	63.02159571
96	경기도	안성시	60	159198	0.649509844	287.6413833	11.63659663	4941407.2	19670.33665	41406	54232	30.97618703	12826	45.982	86160715	136872521	859.7628174	58.85722513	50711806	999	457	3.304284808	56.78588927
97	경기도	김포시	143	195776	4.306516326	707.6923077	8.871603811	8401012.6	67717.06361	65793	81235	23.47058198	15442	72.454	163026207	168492151	860.6374173	3.352800817	5465944	1835	793	3.471665558	71.71333299
98	경기도	화성시	9	288718	3.60689798	419.5080133	8.94358509	18928859	55477.81103	51367	180836	252.0470341	129469	77.274	86531296	436327981	1511.260057	404.2429747	349796685	1016	542	3.969103105	50.80545723
99	경기도	광주시	50	206304	7.581335573	478.1200028	7.675286146	8787789.6	40502.37709	26269	75237	186.4098367	48968	76.076	69155721	220474388	1068.686928	218.808603	151318667	946	729	2.545239704	92.94657399
100	경기도	양주시	22	152007	5.741437877	490.0290135	8.602623874	4331436.6	41212.21334	111485	59126	-46.96506256	-52359	50.16	236922125	126322314	831.0295842	-46.68192597	-110599811	1154	498	2.179442818	75.64552948
101	경기도	여주군	30	98905	-0.042123539	162.7101635	17.89346247	3025442.2	13435.15684	52750	27880	-47.14691943	-24870	42.466	23846338	103034003	1041.747161	332.0747404	79187665	1109	263	3.134479469	47.43743997
102	경기도	연천군	26	41561	-0.882260701	64.54072521	14.16787721	1254084.2	7344.129632	11350	11598	2.185022026	248	23.016	92469478	42801371	1029.84459	-53.71297435	-49668107	382	102	1.451700769	86.29484372
103	경기도	포천시	20	142189	0.245029486	172.0562433	11.58225307	4837928.6	11812.14829	54199	62882	16.02059079	8683	45.018	175385458	114950646	808.4355752	-34.45827989	-60434812	1120	697	1.531311056	58.33714282
104	경기도	가평군	5	49581	-0.865690106	58.78705241	18.10473104	1766687.4	5528.982816	15065	16458	9.246598075	1393	27.422	42547822	59430754	1198.65985	39.67989713	16882932	986	144	0.104274366	69.62445292
105	경기도	양평군	146	75314	-0.808523718	85.80542992	18.72976538	3117178	7465.790216	16414	19313	17.66175216	2899	26.868	42238103	64733794	859.5187349	53.2592361	22495691	679	200	1.45502961	56.34145046
106	강원도	춘천시	139	260887	0.776608562	233.5917984	10.73495393	7965342.8	9283.611413	68918	74625	8.280855509	5707	33.758	127081963	150500603	576.8804233	18.427981	23418640	2842	1584	1.488916685	87.4508887
107	강원도	원주시	138	284360	1.133941877	327.8680964	9.929368122	8885504.2	11326.21676	79977	87503	9.410205434	7526	41.04	134859697	205245942	721.7820439	52.19220165	70386245	2806	1191	2.399706411	90.04448586
108	강원도	강릉시	140	221329	0.836836145	212.8020229	11.66846393	6212280.2	6747.817579	62207	66779	7.349655184	4572	33.32	102977554	117069392	528.9383316	13.68437825	14091838	2394	1026	2.098920775	88.68901048
109	강원도	동해시	61	93183	-0.027692378	517.5395723	11.10537745	2366540.6	13163.02302	27577	28190	2.222866882	613	29.344	42536814	45749890	490.9682024	7.553635775	3213076	1634	357	2.912815718	52.15221661
110	강원도	태백시	88	55344	-1.473633113	182.310505	11.07872776	1203815	3138.64309	17027	16929	-0.575556469	-98	17.882	19387626	22271660	402.4223041	14.87564285	2884034	1011	134	1.035830484	83.50046979
111	강원도	속초시	59	84908	-0.892097945	806.6501995	10.22359691	2145045.4	28670.12856	26392	25099	-4.899211882	-1293	30.164	48115782	48064615	566.0787558	-0.106341408	-51167	522	387	2.627868231	99.81097188
112	강원도	삼척시	87	68116	-0.350074113	57.44404527	16.55311447	1742831.6	1708.216235	20534	20138	-1.928508815	-396	15.354	34415642	38391781	563.6235393	11.55329022	3976139	468	106	1.232875989	85.626725
113	강원도	홍천군	12	66837	-1.336544237	36.76523978	17.71416563	1351424.4	1887.367225	16364	16909	3.330481545	545	16.154	27635557	44016113	658.5590766	59.27347873	16380556	762	174	0.874598001	62.67860616
114	강원도	횡성군	7	38821	-1.657117491	38.90269566	21.32071569	954028.6	2349.145673	12262	12746	3.947153809	484	14.302	22258244	28527454	734.8459339	28.16578882	6269210	227	108	1.378942599	51.52881173
115	강원도	영월군	136	37085	-1.986386284	32.89368647	20.89293924	992749.4	1184.361966	11563	11545	-0.155668944	-18	11.576	14769458	17407724	469.4006741	17.86298455	2638266	434	54	0.960531506	46.21949575
116	강원도	평창군	21	38591	-1.719280503	26.35925248	18.68491443	989543.2	2223.853905	11942	13877	16.20331603	1935	16.43	30461626	46593455	1207.365837	52.95787231	16131829	90	45	1.121260116	42.2987225
117	강원도	정선군	85	41129	-1.868546959	33.69931256	16.15915352	1817047	1612.716216	13880	14680	5.763688761	800	19.662	27920916	36822680	895.2972355	31.8820629	8901764	713	53	0.768475391	63.60840283
118	강원도	철원군	84	43548	-0.773670978	54.6481277	14.88877131	938809	2965.66992	12043	10688	-11.25134933	-1355	14.77	16710651	21168194	486.0887756	26.67486144	4457543	261	133	1.338309758	44.59676679
119	강원도	화천군	8	21718	-1.632620842	23.89034948	17.13547911	647544.8	909.1789402	5497	5599	1.855557577	102	8.754	8255713	10418443	479.7146607	26.19676823	2162730	71	41	0.701550277	45.53365872
120	강원도	양구군	83	19460	-1.579539971	30.08751044	15.83698736	440493.4	1299.343649	5055	5068	0.257171118	13	10.246	6614390	7715542	396.4821172	16.64782391	1101152	150	51	1.217948189	58.29136691
121	강원도	인제군	82	30469	-1.411826651	18.79700176	14.78766763	764204.6	828.2070845	7129	7847	10.07153879	718	10.722	11175403	13621194	447.0509042	21.88548368	2445791	193	62	0.761233758	64.22429354
122	강원도	고성군(강원)	141	29157	-1.498845841	49.89390465	18.2071672	665302.6	3141.262768	8569	8765	2.287314739	196	16.21	17921117	19607737	672.4881504	9.41135533	1686620	58	60	1.272685804	69.39842919
123	강원도	양양군	86	29617	-0.981476529	47.10457256	17.43579318	600193.6	2950.022638	8421	9985	18.57261608	1564	12.336	16620847	16108834	543.904987	-3.080546978	-512013	48	55	1.691093885	55.52723098
124	충청북도	청주시	231	642805	8.412656733	4189.292231	6.48953922	18841762	117201	167899	177553	5.749885348	9654	76.902	284680295	343126446	533.7955461	20.53045189	58446151	4840	2381	7.814700013	95.4961458
125	충청북도	충주시	53	204800	-0.180019109	208.1110468	12.62142102	4689132.2	6967.237186	54116	56377	4.178061941	2261	29.808	91399356	108743001	530.9716846	18.97567528	17343645	1500	622	2.836991058	79.52880859
126	충청북도	제천시	137	132864	-0.574603346	150.5575197	12.82730614	2686144.2	4745.030578	36311	38627	6.378232492	2316	21.35	52478927	65797058	495.2211133	25.37805508	13318131	1766	380	2.382470277	87.89852782
127	충청북도	청원군	107	112728	-1.127654604	138.4541692	17.02738614	4035505.8	13653.81932	33288	45094	35.46623408	11806	30.452	68725872	83834961	743.6924367	21.98457227	15109089	671	184	2.976612867	30.92488113
128	충청북도	보은군	81	32516	-1.926830455	55.63330881	28.06621287	657622.4	2417.63136	10520	9189	-12.65209125	-1331	10.078	11420625	15047855	462.7830914	31.76034587	3627230	200	53	1.956662224	50.84419978
129	충청북도	옥천군	132	51922	-1.43614384	96.6764109	20.95376282	974635.6	3601.507711	15232	15194	-0.24947479	-38	16.116	20075929	25490408	490.9365587	26.97000473	5414479	322	126	2.394662763	73.99175687
130	충청북도	영동군	35	49563	-1.602448481	58.65235554	22.73703839	976511.8	1876.273293	12309	11928	-3.095296125	-381	12.536	15907984	18357332	370.3837944	15.39697299	2449348	403	43	1.603819628	56.43019995
131	충청북도	증평군	225	28772	-0.169451943	351.6069901	12.85146166	685875	15924.75423	8097	8887	9.756700012	790	11.916	11593057	15071027	523.8088072	30.00045631	3477970	124	94.5	3.638789808	83.44397331
132	충청북도	진천군	71	58681	-0.712769184	144.541603	14.89472136	1610202.4	7418.172664	25510	29858	17.04429635	4348	26.842	34742720	52494018	894.565839	51.09357586	17751298	323	159	3.073729026	52.14379441
133	충청북도	괴산군	135	32304	-2.063209429	38.35714031	30.2533532	1018434.8	2395.854176	9463	9049	-4.374933953	-414	10.746	11547526	16260535	503.3598006	40.81401505	4713009	112	58.5	1.636776487	40.65595592
134	충청북도	음성군	72	82970	-0.77167565	159.3952318	15.34463194	2165826.2	8088.354264	34925	36543	4.632784538	1618	30.162	51049426	64748669	780.3865132	26.83525374	13699243	2200	232	3.106463278	51.79582982
135	충청북도	단양군	134	30528	-1.892682524	39.13093636	21.07583484	1553762.8	1209.799084	11240	11966	6.459074733	726	13.224	17232113	19324683	633.0150354	12.14343244	2092570	224	49	1.7119491	61.3682521
136	충청남도	천안시	145	521887	4.634834183	820.2546169	6.716508643	21817743	38228.97804	142028	182186	28.2747064	40158	63.116	265104074	453662192	869.2728349	71.1260733	188558118	3522	1608	3.046586499	82.66971586
137	충청남도	공주시	131	127076	-0.836077502	135.0808938	16.48271718	3180769.6	7357.437004	31177	33065	6.055746223	1888	19.332	48051238	58214363	458.1066685	21.1505997	10163125	1812	351	1.724934775	62.11125626
138	충청남도	보령시	105	97176	-0.986618211	170.801842	17.27358957	2612730	8672.211038	25503	28633	12.27306591	3130	19.184	47101240	58387618	600.844015	23.96195514	11286378	798	224	3.037681531	66.05334651
139	충청남도	아산시	57	208415	0.832911357	384.4160395	10.57717874	9458058.4	30019.35331	62052	82840	33.5009347	20788	42.668	111364078	205080960	984.0028789	84.15360113	93716882	1595	358	2.894224657	55.17693064
140	충청남도	서산시	32	144091	-0.302213317	194.6228862	13.3793113	5408214	11200.78051	35467	40944	15.44252404	5477	26.442	70749900	142436341	988.5165694	101.3237347	71686441	647	392	2.672426022	54.4447606
141	충청남도	논산시	119	125332	-1.314875146	225.9251915	17.96616418	2669045.6	9394.541515	31684	33803	6.687918192	2119	20.946	45464987	51834616	413.5784636	14.00996551	6369629	1566	233.434903	3.301164957	47.32869499
142	충청남도	계룡시	2	31699	4.778686451	522.3961767	5.419326297	1529541.2	36369.98811	4112	5838	41.97470817	1726	17.8	14446305	31075858	980.3419035	115.1128472	16629553	112	84.56509695	2.773053395	100.1813937
143	충청남도	금산군	101	53570	-1.607227437	92.95828417	22.30377893	1243531.2	4225.680547	17727	18212	2.735939527	485	17.44	30819119	29932252	558.7502707	-2.877652019	-886867	513	100	2.161934424	53.0651484
144	충청남도	연기군	130	80818	-0.640683	223.6124177	15.11027628	2292469.4	15535.89901	26973	27610	2.36162088	637	26.544	42737737	52992429	655.7008216	23.99446653	10254692	523	188	2.477136019	54.72295776
145	충청남도	부여군	33	73464	-1.676811512	117.6308584	24.6588441	1362202	5465.575532	17941	17201	-4.124630734	-740	16.228	24141012	32619365	444.0183627	35.12012255	8478353	925	124	2.674358414	45.4188446
146	충청남도	서천군	40	57875	-1.748917865	161.6484652	25.97166097	1065722.2	7122.013198	14795	17275	16.76241974	2480	16.032	21087652	30777218	531.787784	45.94900371	9689566	543	123	4.071376868	29.42289417
147	충청남도	청양군	94	31316	-1.889602244	65.28519013	28.60848679	559751.4	3105.693198	8784	8241	-6.181693989	-543	10.66	10044194	13133428	419.3839571	30.7564151	3089234	118	33	2.226922156	31.63079576
148	충청남도	홍성군	14	82793	-1.28105797	186.5463476	19.57400949	1755933.8	7544.934376	21470	21479	0.041918957	9	18.432	29669432	38785360	468.4618265	30.72498321	9115928	780	206	3.18467052	57.20531929
149	충청남도	예산군	103	81977	-1.402423497	150.9343988	21.48169021	1709216.2	7139.891079	21386	21966	2.712054615	580	18.678	32038008	45689721	557.3480488	42.61099192	13651713	244	218	2.829554508	54.991644
150	충청남도	태안군	89	58739	-1.122671498	116.3263689	18.83951587	1448743.6	10093.7709	14157	15455	9.168609169	1298	23.788	32268029	42634702	725.832956	32.12676238	10366673	354	113	2.519247411	49.32412877
151	충청남도	당진군	104	113267	-0.981258881	170.38012	17.31051867	3145360.6	16283.94383	27677	34745	25.53744987	7068	29.712	58432781	131955335	1164.993643	125.8241568	73522554	539	307	3.833904962	41.12451111
152	전라북도	전주시	229	623298	3.541340308	3022.343985	7.780521209	16348956.4	84119	153455	160405	4.529015021	6950	67.728	236224467	319767739	513.0254533	35.36605376	83543272	6583	2843	5.985470979	95.38046007
153	전라북도	군산시	210	250011	-0.104358952	654.0852366	11.17482304	6562331.2	27161.88448	70347	69290	-1.502551637	-1057	35.772	104636957	120017941	480.0506418	14.69938007	15380984	2243	912	4.52274777	90.40382223
154	전라북도	익산시	211	308144	0.669468326	607.69519	11.34884388	7251958.6	17285.86669	83973	86384	2.871160968	2411	37.278	113526130	138182816	448.4358482	21.71895228	24656686	3085	1404	4.907593823	87.18537437
155	전라북도	정읍시	42	115760	-1.520138228	167.0490786	20.35852915	1959669.4	5404.808634	29725	29690	-0.117746005	-35	15.21	38227138	43780676	378.2021078	14.52773681	5553538	1009	262	3.569873746	76.37785073
156	전라북도	남원시	47	86052	-1.426534875	114.3198757	20.10183157	1528078	4179.634558	24406	23420	-4.039990166	-986	15.166	32002845	31278218	363.4804304	-2.264258068	-724627	1064	238	3.136423817	69.05185237
157	전라북도	김제시	160	90652	-1.747226188	166.315635	23.77069133	1567905.4	7123.141858	23713	24400	2.897145026	687	15.442	29797138	40381317	445.4542316	35.52079062	10584179	1569	229	3.69036585	62.9020871
158	전라북도	완주군	209	79541	-1.284801018	96.88542961	17.75763552	2125883	4174.168293	22107	25598	15.7913783	3491	21.428	33105488	54680852	687.4549226	65.1715631	21575364	1229	120	1.890686826	32.36884123
159	전라북도	진안군	77	23992	-2.135616922	30.40348743	29.22433619	363481.2	1241.161743	5957	6057	1.678697331	100	8.044	6998126	7988482	332.9644048	14.15173148	990356	199	23	1.743186651	58.36737246
160	전라북도	무주군	76	22393	-1.974684442	35.44654446	27.33751681	353842.6	1665.55114	6712	6523	-2.815852205	-189	11.39	8789432	12629229	563.9811102	43.68652036	3839797	89	31	1.676257147	50.20988702
161	전라북도	장수군	75	20567	-2.107119153	38.54891009	29.37127795	292271	1161.248456	5233	5350	2.235811198	117	9.046	6880856	6566320	319.2648417	-4.571175447	-314536	63	11	2.484512399	54.53396217
162	전라북도	임실군	29	25757	-2.143542844	43.13971795	33.76294681	420797.8	2259.552346	7172	6763	-5.70273285	-409	8.85	7936215	10427438	404.8389952	31.39056843	2491223	135	33	2.399580176	35.30884808
163	전라북도	순창군	41	26331	-2.077663724	53.11346445	31.36	382942.4	1836.869553	6301	6863	8.919219172	562	8.138	6617976	7906070	300.2571114	19.46356409	1288094	218	28	2.611249158	39.392731
164	전라북도	고창군	120	56182	-1.966656285	92.58124052	27.55830982	731021.8	3635.17049	12725	13702	7.677799607	977	11.904	15381488	19846320	353.2505073	29.02730867	4464832	633	98	3.916055995	51.19967249
165	전라북도	부안군	121	55333	-1.875404193	112.1667917	25.4833454	956560.8	5211.764775	14304	14102	-1.412192394	-202	12.116	17464556	21469316	388.0020241	22.93078622	4004760	498	103	3.285250066	76.29353189
166	전라남도	목포시	25	244888	1.080966774	5110.350584	8.49952769	5315436	125220.258	64653	66439	2.762439485	1786	40.834	118727316	103013087	420.6538785	-13.23556325	-15714229	3007	958	10.94110225	97.7730636
167	전라남도	여수시	66	277995	-0.445729206	556.7806285	11.02696273	10123517.2	16230.67143	84296	83274	-1.21239442	-1022	36.27	145862628	183537120	660.217342	25.82874895	37674492	1948	1223	3.211237978	87.26541844
168	전라남도	순천시	55	262120	0.3086838	288.8597468	10.36712438	5920358.6	8372.787738	64308	66358	3.187783791	2050	30.156	105544912	116986376	446.3084694	10.84037476	11441464	2497	1085	2.682573576	88.94971769
169	전라남도	나주시	127	87212	-1.759276918	144.3739964	23.26917983	1930297.8	6554.453432	24099	24626	2.186812731	527	14.724	34464668	43738733	501.521958	26.90890567	9274065	2070	116	3.68708547	54.77342568
170	전라남도	광양시	58	135881	1.255347515	302.4349529	8.849929563	4845077.2	10736.38023	41551	47788	15.01046906	6237	46.73	74832010	140816510	1036.322297	88.17683769	65984500	861	724	3.171938414	80.5406937
171	전라남도	담양군	109	43574	-1.752053624	95.73967877	25.63629657	748320	5140.590432	13886	13807	-0.568918335	-79	12.228	16576043	20650468	473.9171983	24.58020289	4074425	906	80	2.909084328	40.81677147
172	전라남도	곡성군	79	29742	-1.992956805	54.32924156	30.37957585	840770	2012.477545	9431	9096	-3.552115364	-335	9.124	10676791	13110912	440.8214646	22.79824528	2434121	148	31	2.081582347	44.67251698
173	전라남도	구례군	99	24745	-1.915405371	55.83384102	27.82703753	350420	2078.693937	7416	6985	-5.81175836	-431	9.384	8624833	9728544	393.1519095	12.79689705	1103711	264	56	1.595014486	69.11497272
174	전라남도	고흥군	78	72700	-1.949534742	93.67711675	31.87329494	942021	2172.707966	16235	15566	-4.120726825	-669	10.144	16839854	19213025	264.2781981	14.09258655	2373171	1591	95	2.689485729	42.12654746
175	전라남도	보성군	80	45964	-2.070422149	69.29489982	31.38810198	642180.4	2431.520954	11925	11497	-3.589098532	-428	8.984	12968883	15084169	328.1735489	16.31047177	2115286	648	64	2.958382099	39.34492211
176	전라남도	화순군	11	67948	-1.479736633	86.37201439	19.70456461	1215282.2	3137.873998	15809	17941	13.48598899	2132	15.622	27607359	42894017	631.277109	55.37167825	15286658	1035	157	1.605800353	77.61229175
177	전라남도	장흥군	125	40044	-2.016352207	64.77515367	29.18783632	597848.6	2112.316532	9976	10088	1.122694467	112	9.484	11207083	11276747	281.6089052	0.621606889	69664	359	48	2.683799871	29.40890021
178	전라남도	강진군	10	36648	-1.980436296	73.27255278	29.20690504	553121.6	2526.4265	9492	9163	-3.466076696	-329	9.184	10924993	11733185	320.1589446	7.397643184	808192	255	94	3.004208953	47.79251255
179	전라남도	해남군	13	74086	-1.862409495	81.66086151	24.8398259	1158513	3368.086493	17773	17397	-2.115568559	-376	11.092	23182784	27055587	365.1916286	16.70551302	3872803	1095	113	3.33263023	42.9993521
180	전라남도	영암군	123	61256	-1.488816564	108.2471858	19.51695736	1746105	7072.391381	21177	22555	6.507059546	1378	15.806	34735225	33463659	546.2919387	-3.660739206	-1271566	458	113	4.3977508	44.76377824
181	전라남도	무안군	98	54458	-1.623237071	124.8292303	22.95740642	943754.6	7971.024776	13365	14941	11.79199401	1576	11.966	17102582	24987221	458.8347167	46.10203886	7884639	447	80	3.29162355	32.9281281
182	전라남도	함평군	16	36188	-2.044288309	92.14473048	30.07873143	467079	3699.055254	7600	7815	2.828947368	215	10.96	13955314	14956827	413.3090251	7.176570875	1001513	141	45	3.980358898	36.94733061
183	전라남도	영광군	96	60462	-1.686981564	127.554271	21.08123333	1322779.2	3214.389387	16827	16119	-4.207523623	-708	21.042	36418386	33816149	559.2959049	-7.145393538	-2602237	1103	79	3.315656526	49.38142966
184	전라남도	장성군	108	42029	-1.844135905	81.04944462	25.31308478	881324.2	3975.14402	10756	11509	7.000743771	753	11.92	14383635	19883149	473.0816579	38.23452138	5499514	608	107	2.9973179	36.72464251
185	전라남도	완도군	124	51325	-1.848289716	129.8282448	24.99511928	664300	2116.436902	14421	12941	-10.26281118	-1480	10.656	14651167	15271853	297.5519338	4.236427037	620686	170	70	2.796872512	46.84266926
186	전라남도	진도군	126	32091	-1.982677459	74.48472751	27.75073332	394432.4	1917.273693	7942	7134	-10.17375976	-808	10.706	9178392	9028437	281.3385996	-1.633782911	-149955	161	46	3.139058212	49.62450531
187	전라남도	신안군	3	38463	-2.198560855	58.77507984	29.45952276	389930.6	1762.074275	8712	7877	-9.584481175	-835	6.704	7579155	11453260	297.7734446	51.11526285	3874105	75	7	2.048937195	29.17219146
188	경상북도	포항시	232	489698	2.166488958	434.229521	8.343826072	19965775	16655	152515	157555	3.304592991	5040	63.278	274754236	409480352	836.1895536	49.03513699	134726116	3766	2083	2.089289375	76.98275264
189	경상북도	경주시	117	267872	-0.124789493	202.3080176	13.55873611	7231199.6	7534.04975	83755	88651	5.845621157	4896	33.404	133050339	159117986	594.0075334	19.59231911	26067647	2026	802	2.157548713	78.96308685
190	경상북도	김천시	70	135923	-0.850740285	134.6852426	16.75051418	3010553.4	5094.544459	35838	36184	0.965455662	346	22.248	50603975	61366097	451.4769171	21.2673451	10762122	1696	252	1.792657379	68.13011779
191	경상북도	안동시	49	169788	-0.964132273	111.635797	16.465214	3704807.4	3362.955551	43561	43499	-0.142329148	-62	19.982	59917930	67981039	400.3877718	13.45692183	8063109	3484	621	1.617424831	75.41021745
192	경상북도	구미시	67	383786	6.038694549	622.9280961	5.228220335	23243552	21694.33177	139529	171492	22.90778261	31963	74.064	223661937	305318252	795.542964	36.50881151	81656315	1855	3071	2.684284856	87.64858541
193	경상북도	영주시	102	114081	-0.838484498	170.5603564	16.63059734	2516215.2	4605.054743	29487	29329	-0.535829349	-158	19.294	38130998	44043074	386.0684426	15.50464533	5912076	474	463	2.386776605	82.75917988
194	경상북도	영천시	36	104012	-1.287920549	113.0061603	19.52676471	2287962.8	4987.149217	29871	31570	5.687790834	1699	19.036	44534542	59027385	567.5055282	32.54292589	14492843	1467	235	1.689945024	71.08170211
195	경상북도	상주시	39	105937	-1.556446501	84.42204248	23.1657197	1710308.6	2741.844301	24445	23263	-4.835344651	-1182	13.498	31457914	37732399	356.1777188	19.94564865	6274485	526	240	1.802418297	61.71120572
196	경상북도	문경시	122	70926	-1.585433499	77.7927676	22.34053069	1316258.8	2222.056174	18658	17151	-8.076964305	-1507	14.34	24402648	26155139	368.7665877	7.181560788	1752491	1150	124	1.661506257	84.80951978
197	경상북도	경산시	111	242297	2.532769762	588.3565635	8.952411065	6159372.8	19673.06775	65862	70854	7.579484376	4992	40.644	106566780	145746179	601.5187105	36.76511479	39179399	2951	408	2.863983536	52.96784525
198	경상북도	군위군	110	24552	-1.874793693	39.97655334	31.6464514	428875.2	1953.298345	6710	6830	1.788375559	120	8.956	8860861	11690406	476.148827	31.93307061	2829545	100	21	1.56471229	26.41332682
199	경상북도	의성군	46	56712	-1.978775749	48.23228243	32.75184884	793677	1959.739501	13963	12492	-10.53498532	-1471	10.554	15893541	18341466	323.4141981	15.40201142	2447925	499	71	1.558157696	39.65739173
200	경상북도	청송군	93	26630	-1.955054646	31.60905897	27.35242108	451072	898.0882461	7703	7289	-5.374529404	-414	8.254	7739714	8702822	326.8051821	12.44371562	963108	274	27	0.915264932	28.5655276
201	경상북도	영양군	62	17648	-2.090436683	21.65186239	30.18033345	220764.6	614.4158074	4174	3771	-9.655007187	-403	6.502	4424658	4767775	270.1595082	7.75465584	343117	50	16	0.873467144	28.01167271
202	경상북도	영덕군	97	40547	-1.83705201	54.70970005	27.41225902	577202.2	1706.857219	10790	10666	-1.149212234	-124	11.064	13801438	20495655	505.4789504	48.50376461	6694217	288	56	1.192535318	72.31731078
203	경상북도	청도군	92	39558	-1.840722836	56.75954889	29.61328769	712859	3025.045021	9534	9430	-1.090832809	-104	11.146	14713047	19670158	497.2485464	33.69194022	4957111	423	105	1.646045427	50.69265382
204	경상북도	고령군	114	30895	-1.53995787	80.44525452	23.23962165	637046.6	5020.249611	10805	12037	11.40212864	1232	14.478	15439613	19636856	635.5998058	27.1848977	4197243	172	27	2.112213774	51.1328694
205	경상북도	성주군	113	39682	-1.798189913	64.40105815	25.31005388	758199.2	4001.645311	10896	11895	9.168502203	999	14.32	17178010	22254343	560.8170707	29.551345	5076333	125	45	1.818671795	28.27604455
206	경상북도	칠곡군	112	109018	0.69011067	241.7733029	10.32836819	2585964.8	10876.7121	35948	43061	19.78691443	7113	34.944	58687765	74895169	686.998193	27.61632514	16207404	1339	204	2.418285689	56.93280009
207	경상북도	예천군	133	46056	-1.964372296	69.70155578	30.59522773	712534	2052.481724	11223	9815	-12.54566515	-1408	12.1	11751214	13644720	296.263679	16.11327987	1893506	197	61	2.862358042	38.54546639
208	경상북도	봉화군	64	32413	-2.055130666	26.98879249	29.16756891	469701.6	715.478287	8052	8227	2.173373075	175	8.182	8733813	8998911	277.6327708	3.035306572	265098	188	31	1.299317974	24.56730324
209	경상북도	울진군	128	51279	-1.548118954	51.8509156	22.47628362	1441369.6	1514.18588	16147	14902	-7.710410603	-1245	22.706	29297364	40928154	798.1464927	39.69910057	11630790	263	175	1.162566306	43.86786014
210	경상북도	울릉군	129	8331	-1.833364055	114.4053831	17.91331492	156995.8	3015.781445	3304	3537	7.052058111	233	9.22	2662020	3219080	386.3977914	20.92621393	557060	21	5	1.610265037	47.95342696
211	경상남도	창원시	208	501705	13.00478983	1714.351615	4.452017765	25000215.6	64843.35745	209418	226775	8.288208272	17357	91.348	434427265	439899399	876.8088797	1.259620296	5472134	3014	3529	4.859022826	93.15504131
212	경상남도	마산시	233	428069	3.213418884	1297.571992	7.937504686	14214474.4	36302.3051	122250	114495	-6.343558282	-7755	54.848	221204936	256157311	598.4019188	15.80090193	34952375	6507	1781	3.059112216	93.32315585
213	경상남도	진주시	68	337242	0.947544832	473.0830738	9.730790385	8384533	15117.13901	91545	96861	5.806980174	5316	38.114	139591290	163505327	484.8308544	17.13146787	23914037	4495	1648	3.589919199	89.28262197
214	경상남도	진해시	115	150063	1.085181507	1326.58239	8.713990666	3722222	49575.07135	30277	38135	25.95369422	7858	33.678	61999540	109454775	729.3921553	76.5412695	47455235	1084	630	4.616634105	97.53703445
215	경상남도	통영시	90	121555	-0.280695135	510.7782167	11.45687982	2611197.6	13977.9194	31335	34147	8.973990745	2812	24.74	59373861	69218684	569.4433302	16.5810726	9844823	759	568	3.491325111	89.27933857
216	경상남도	사천시	31	106851	-0.746464128	269.1935606	15.10062704	2639924.8	10746.51395	30769	31661	2.899021743	892	21.964	39432596	55850472	522.6948929	41.63529076	16417876	2148	314	3.18043713	75.87622016
217	경상남도	김해시	45	431778	7.423200045	931.8413329	6.170536707	11157837.8	37738.26568	109468	147252	34.51602295	37784	59.522	250508082	343817853	796.2838612	37.24820782	93309771	4425	1690	3.976735195	92.88071648
218	경상남도	밀양시	37	105966	-1.306904505	132.7030006	19.09494468	1880162.6	6294.849558	26530	27396	3.264229175	866	18.706	39927161	59105309	557.7761641	48.03283659	19178148	1194	308	2.060601287	62.68425721
219	경상남도	거제시	24	196481	2.144409938	489.4283223	7.074013175	9726317.8	11495.63613	66300	81729	23.27149321	15429	44.4	94729656	146104096	743.6041958	54.23268929	51374440	1169	736	3.163759198	83.9834386
220	경상남도	양산시	118	217154	7.686667897	448.6282125	7.424309111	6282006	23132.14114	78487	87500	11.48343038	9013	59.906	129746674	194083416	893.7593413	49.5864287	64336742	3292	786	1.928592658	78.97045415
221	경상남도	의령군	73	27651	-2.037041156	57.26030234	32.27859611	391793.4	2107.530611	7391	8943	20.9985117	1552	10.038	8448706	13739802	496.9007269	62.62611103	5291096	431	52	2.232255084	43.7235543
222	경상남도	함안군	18	54526	-1.400058256	130.8173988	20.18930361	1414069.6	8519.225216	20247	22657	11.90299798	2410	20.17	27444989	41525724	761.576569	51.30530386	14080735	404	183	3.554294739	54.77845432
223	경상남도	창녕군	28	57618	-1.735787219	108.1236278	25.02875466	1111985	4934.683926	15499	16252	4.85837796	753	17.97	24603780	34242362	594.2997327	39.17520804	9638582	1832	178	2.925026535	66.81332223
224	경상남도	고성군(경남)	34	49516	-1.683355142	95.78118653	24.50320383	997578.2	3845.189968	14604	15142	3.683922213	538	17.866	20126544	27497174	555.3189676	36.62143883	7370630	566	138	2.99777933	52.16394701
225	경상남도	남해군	151	46791	-1.801592879	130.8399978	30.75341586	533981.6	3641.330857	11079	11262	1.651773626	183	12.608	13060285	16331755	349.0362463	25.04899395	3271470	168	76	2.740319781	43.50943558
226	경상남도	하동군	19	45282	-1.865830685	67.02784315	27.44174736	748289.2	2772.184381	11397	12103	6.194612617	706	15.324	15648379	20342573	449.2419284	29.99795698	4694194	515	87	2.611859763	45.65058964
227	경상남도	산청군	100	32451	-1.959182092	40.8389021	29.85351381	500331.4	1939.108015	7824	8383	7.144683027	559	11.8	10862183	16105913	496.3148439	48.27510271	5243730	45	39	2.049939329	25.30892731
228	경상남도	함양군	17	37231	-1.905358405	51.34885389	28.32404191	583299.4	1908.100687	8917	9778	9.655713805	861	10.886	11073040	13806269	370.8272407	24.68363701	2733229	128	87	2.190432916	53.80193924
229	경상남도	거창군	95	60622	-1.486389013	75.38174583	22.03588659	937360.6	2314.052588	14558	14608	0.343453771	50	14.718	19936701	23273131	383.9056943	16.7351158	3336430	386	238	1.957697899	65.37065752
230	경상남도	합천군	15	47804	-2.041547522	48.61143595	31.78946927	616121.8	1813.803492	12197	11194	-8.223333607	-1003	12.336	14034642	17110807	357.9367208	21.9183717	3076165	513	68	2.161323554	31.56535018
231	제주도	제주시	27	311281	5.512178334	1218.511704	6.696533457	10987358.8	52422.0064	100016	107016	6.998880179	7000	56.516	171706144	181669040	583.6175032	5.802294413	9962896	2184	1576	4.649479354	96.3573106
232	제주도	서귀포시	150	78369	0.92373973	307.4499804	10.66002841	2259169.6	20608.74306	26262	27439	4.481760719	1177	29.872	49474847	51847018	661.5755975	4.794701033	2372171	365	348	3.276336273	102.6636808
233	제주도	북제주군	54	80635	-0.856520105	111.6194405	19.20939082	1718295.2	9422.668397	19273	21224	10.12296996	1951	25.14	119455679	125827901	1560.462591	5.3343818	6372222	137	203	4.20697257	60.59155454
234	제주도	남제주군	149	61602	-1.307141851	100.0844842	17.61449667	1029941.8	9613.136004	16763	16165	-3.56738054	-598	21.472	35315115	41776553	678.168777	18.29652261	6461438	104	121	3.880548617	85.99152625
